#Ex02 2017
H = [0 0.5 1/3 0.25 0; 0.5 0 0 0.25 0.5;
    0.5 0.5 1/3 0.25 0; 0 0 0 0 0.5; 0 0 1/3 0.25 0];
    
B = 0.8

N = [ 1/5 1/5 1/5 1/5 1/5; 1/5 1/5 1/5 1/5 1/5;
      1/5 1/5 1/5 1/5 1/5; 1/5 1/5 1/5 1/5 1/5; 1/5 1/5 1/5 1/5 1/5;];
   
   
A = B * H;
A += (1-B)*N

#Alinea b
init = [1/5; 1/5; 1/5; 1/5; 1/5];
A10 = A^10 * init
